FANN_FLO_2.1
num_layers=2
learning_rate=0.700000
connection_rate=1.000000
network_type=1
learning_momentum=0.000000
training_algorithm=2
train_error_function=1
train_stop_function=0
cascade_output_change_fraction=0.010000
quickprop_decay=-0.000100
quickprop_mu=1.750000
rprop_increase_factor=1.200000
rprop_decrease_factor=0.500000
rprop_delta_min=0.000000
rprop_delta_max=50.000000
rprop_delta_zero=0.100000
cascade_output_stagnation_epochs=12
cascade_candidate_change_fraction=0.010000
cascade_candidate_stagnation_epochs=12
cascade_max_out_epochs=150
cascade_max_cand_epochs=150
cascade_num_candidate_groups=2
bit_fail_limit=3.49999994039535522461e-01
cascade_candidate_limit=1.00000000000000000000e+03
cascade_weight_multiplier=4.00000005960464477539e-01
cascade_activation_functions_count=10
cascade_activation_functions=3 5 7 8 10 11 14 15 16 17 
cascade_activation_steepnesses_count=4
cascade_activation_steepnesses=2.50000000000000000000e-01 5.00000000000000000000e-01 7.50000000000000000000e-01 1.00000000000000000000e+00 
layer_sizes=11 9 
scale_included=0
neurons (num_inputs, activation_function, activation_steepness)=(0, 0, 0.00000000000000000000e+00) (0, 0, 0.00000000000000000000e+00) (0, 0, 0.00000000000000000000e+00) (0, 0, 0.00000000000000000000e+00) (0, 0, 0.00000000000000000000e+00) (0, 0, 0.00000000000000000000e+00) (0, 0, 0.00000000000000000000e+00) (0, 0, 0.00000000000000000000e+00) (0, 0, 0.00000000000000000000e+00) (0, 0, 0.00000000000000000000e+00) (0, 0, 0.00000000000000000000e+00) (11, 0, 5.00000000000000000000e-01) (11, 0, 5.00000000000000000000e-01) (11, 0, 5.00000000000000000000e-01) (11, 0, 5.00000000000000000000e-01) (11, 0, 5.00000000000000000000e-01) (11, 0, 5.00000000000000000000e-01) (11, 0, 5.00000000000000000000e-01) (11, 0, 5.00000000000000000000e-01) (11, 0, 5.00000000000000000000e-01) 
connections (connected_to_neuron, weight)=(0, -7.68440663814544677734e-02) (1, 4.84982356429100036621e-02) (2, 8.66377130150794982910e-02) (3, 7.92549327015876770020e-02) (4, 1.34617090225219726562e-02) (5, 8.31734612584114074707e-02) (6, -2.81274095177650451660e-02) (7, 6.44452646374702453613e-02) (8, 3.98235544562339782715e-02) (9, -3.86419855058193206787e-02) (10, 7.15388879179954528809e-02) (0, -5.92356584966182708740e-02) (1, 8.99891629815101623535e-02) (2, 4.28034141659736633301e-02) (3, -9.67018008232116699219e-02) (4, 9.04393866658210754395e-02) (5, -5.20575232803821563721e-02) (6, 9.48999002575874328613e-02) (7, 4.02843430638313293457e-02) (8, 9.72522571682929992676e-02) (9, 1.40437930822372436523e-02) (10, 1.77983790636062622070e-02) (0, -3.35734412074089050293e-02) (1, 1.14040225744247436523e-02) (2, 5.41787222027778625488e-02) (3, -1.55122280120849609375e-02) (4, -2.89031937718391418457e-02) (5, 7.37883374094963073730e-02) (6, 3.97588983178138732910e-02) (7, 6.75359591841697692871e-02) (8, -6.32149875164031982422e-02) (9, 6.29148408770561218262e-02) (10, 1.60342007875442504883e-02) (0, -7.65772685408592224121e-02) (1, 4.21697571873664855957e-02) (2, -7.05040916800498962402e-02) (3, -9.34038162231445312500e-02) (4, -8.59576538205146789551e-02) (5, 9.39411744475364685059e-02) (6, 4.64197471737861633301e-02) (7, -2.45996341109275817871e-02) (8, 6.54800608754158020020e-02) (9, 8.71840789914131164551e-02) (10, -3.46104651689529418945e-02) (0, 8.28348100185394287109e-03) (1, 9.04822871088981628418e-02) (2, -4.41710911691188812256e-02) (3, 5.62259629368782043457e-02) (4, 8.53821858763694763184e-02) (5, 9.61132571101188659668e-02) (6, 5.34782186150550842285e-02) (7, -5.74015080928802490234e-04) (8, 1.39116421341896057129e-02) (9, -8.00952240824699401855e-02) (10, -8.91699939966201782227e-02) (0, -3.19096520543098449707e-02) (1, 4.39254939556121826172e-03) (2, -1.80731862783432006836e-02) (3, -5.81213198602199554443e-02) (4, -5.58485537767410278320e-02) (5, -5.05372285842895507812e-02) (6, -2.13363021612167358398e-02) (7, -9.29337218403816223145e-02) (8, 6.54969736933708190918e-02) (9, 2.08642333745956420898e-03) (10, 4.92360368371009826660e-02) (0, 9.49928835034370422363e-02) (1, 8.68260860443115234375e-03) (2, 6.32783845067024230957e-02) (3, 8.89340564608573913574e-02) (4, -4.48976531624794006348e-02) (5, -6.13212548196315765381e-02) (6, 5.44141158461570739746e-02) (7, -5.77135793864727020264e-02) (8, 4.06827777624130249023e-03) (9, -3.73023897409439086914e-02) (10, -6.72312974929809570312e-02) (0, 5.98971918225288391113e-02) (1, -8.10764282941818237305e-02) (2, -8.18491131067276000977e-02) (3, 5.60104474425315856934e-02) (4, 7.24017992615699768066e-02) (5, 1.75768733024597167969e-02) (6, -3.00779193639755249023e-02) (7, 9.23065617680549621582e-02) (8, 2.84068807959556579590e-02) (9, 3.80124375224113464355e-02) (10, -3.30088287591934204102e-03) (0, -8.96663069725036621094e-02) (1, 7.98911228775978088379e-02) (2, 4.08505722880363464355e-02) (3, -4.02035377919673919678e-02) (4, -4.14451844990253448486e-02) (5, 4.79168370366096496582e-02) (6, -7.47065693140029907227e-02) (7, 6.06412366032600402832e-02) (8, -2.84712761640548706055e-03) (9, -7.97136947512626647949e-02) (10, -3.06761488318443298340e-02) 
