0.086075,61.000000
0.084834,62.000000
0.084834,63.000000
0.088307,57.000000
0.088555,58.000000
0.088803,54.000000
0.088803,53.000000
0.091036,52.000000
0.092524,51.000000
0.093020,50.000000
0.092524,49.000000
0.094325,48.000000
0.094523,47.000000
0.094424,46.000000
0.095016,45.000000
0.096891,41.000000
0.097581,40.000000
0.098371,39.000000
0.098568,38.000000
0.099949,36.000000
0.099752,35.000000
0.100443,33.000000
0.101862,31.000000
0.101862,30.000000
0.102550,27.000000
0.102703,26.000000
0.104460,24.000000
0.104766,23.000000
0.104536,22.000000
0.104001,21.000000
0.102015,25.000000
0.100869,28.000000
0.101022,29.000000
0.104665,20.000000
0.104368,19.000000
0.103478,18.000000
0.102800,16.000000
0.103945,17.000000
0.105091,14.000000
0.104232,13.000000
0.077021,94.000000
0.077288,93.000000
0.077288,92.000000
0.077823,91.000000
0.077823,90.000000
0.076753,89.000000
0.078893,88.000000
0.078358,87.000000
0.079428,84.000000
0.080230,83.000000
0.081300,82.000000
0.081567,81.000000
0.082637,80.000000
0.081567,79.000000
0.082637,78.000000
0.083172,77.000000
0.084241,76.000000
0.084776,75.000000
0.085311,74.000000
0.085044,73.000000
0.085311,72.000000
0.085579,71.000000
0.084509,70.000000
0.085311,69.000000
0.085311,68.000000
0.086381,67.000000
0.085846,66.000000
0.086916,65.000000
0.088235,60.000000
0.088838,59.000000
0.087230,64.000000
0.089240,56.000000
0.090044,55.000000
0.101951,32.000000
0.100368,34.000000
0.096499,42.000000
0.095267,43.000000
0.095971,44.000000
0.075036,95.000000
0.074567,96.000000
0.078172,86.000000
0.079780,85.000000
0.098877,37.000000
0.105644,15.000000
0.105299,12.000000
0.105678,11.000000
0.104729,10.000000
0.104601,9.000000
0.104192,8.000000
0.104192,5.000000
0.103946,4.000000
0.104028,3.000000
0.104110,7.000000
0.104356,6.000000
0.104601,1.000000
0.103788,2.000000
