96.000000 0.051793 0.02
95.000000 0.052368 0.02
94.000000 0.052368 0.02
93.000000 0.053519 0.02
92.000000 0.053807 0.02
91.000000 0.054382 0.02
90.000000 0.054670 0.02
89.000000 0.054948 0.02
88.000000 0.056190 0.02
87.000000 0.056034 0.02
86.000000 0.056811 0.02
85.000000 0.056811 0.02
84.000000 0.057276 0.02
83.000000 0.057897 0.02
82.000000 0.057742 0.02
81.000000 0.058208 0.02
80.000000 0.058434 0.02
79.000000 0.058232 0.02
78.000000 0.058838 0.02
77.000000 0.060456 0.02
76.000000 0.060254 0.02
75.000000 0.061062 0.02
74.000000 0.062073 0.02
73.000000 0.062680 0.02
72.000000 0.063014 0.02
71.000000 0.061595 0.02
70.000000 0.062163 0.02
69.000000 0.061595 0.02
68.000000 0.060152 0.02
67.000000 0.062680 0.02
66.000000 0.062174 0.02
65.000000 0.063185 0.02
64.000000 0.064196 0.02
63.000000 0.064702 0.02
62.000000 0.063049 0.02
61.000000 0.063854 0.02
60.000000 0.064391 0.02
59.000000 0.065732 0.02
58.000000 0.065324 0.02
57.000000 0.065977 0.02
56.000000 0.066794 0.02
55.000000 0.068100 0.02
54.000000 0.067447 0.02
53.000000 0.068264 0.02
52.000000 0.069733 0.02
51.000000 0.069010 0.02
50.000000 0.069803 0.02
49.000000 0.069803 0.02
48.000000 0.070332 0.02
47.000000 0.071390 0.02
46.000000 0.071654 0.02
45.000000 0.072342 0.02
44.000000 0.072817 0.02
43.000000 0.074240 0.02
41.000000 0.074003 0.02
42.000000 0.074951 0.02
40.000000 0.073349 0.02
39.000000 0.074189 0.02
38.000000 0.073909 0.02
37.000000 0.076429 0.02
36.000000 0.076149 0.02
35.000000 0.076149 0.02
34.000000 0.078762 0.02
33.000000 0.076522 0.02
32.000000 0.077269 0.02
31.000000 0.076522 0.02
29.000000 0.079614 0.02
28.000000 0.079614 0.02
27.000000 0.078906 0.02
30.000000 0.078389 0.02
26.000000 0.080348 0.02
25.000000 0.081258 0.02
24.000000 0.081258 0.02
23.000000 0.081258 0.02
22.000000 0.081258 0.02
21.000000 0.082203 0.02
20.000000 0.082553 0.02
19.000000 0.081328 0.02
18.000000 0.083288 0.02
17.000000 0.083245 0.02
16.000000 0.082938 0.02
15.000000 0.086904 0.02
14.000000 0.087779 0.02
13.000000 0.087487 0.02
12.000000 0.086029 0.02
11.000000 0.086029 0.02
10.000000 0.085154 0.02
9.000000 0.085154 0.02
8.000000 0.086321 0.02
7.000000 0.086029 0.02
6.000000 0.086029 0.02
5.000000 0.085154 0.02
4.000000 0.087196 0.02
3.000000 0.085493 0.02
2.000000 0.084023 0.02
1.000000 0.085450 0.02
