61.000000 0.086075 0.02
62.000000 0.084834 0.02
63.000000 0.084834 0.02
57.000000 0.088307 0.02
58.000000 0.088555 0.02
54.000000 0.088803 0.02
53.000000 0.088803 0.02
52.000000 0.091036 0.02
51.000000 0.092524 0.02
50.000000 0.093020 0.02
49.000000 0.092524 0.02
48.000000 0.094325 0.02
47.000000 0.094523 0.02
46.000000 0.094424 0.02
45.000000 0.095016 0.02
41.000000 0.096891 0.02
40.000000 0.097581 0.02
39.000000 0.098371 0.02
38.000000 0.098568 0.02
36.000000 0.099949 0.02
35.000000 0.099752 0.02
33.000000 0.100443 0.02
31.000000 0.101862 0.02
30.000000 0.101862 0.02
27.000000 0.102550 0.02
26.000000 0.102703 0.02
24.000000 0.104460 0.02
23.000000 0.104766 0.02
22.000000 0.104536 0.02
21.000000 0.104001 0.02
25.000000 0.102015 0.02
28.000000 0.100869 0.02
29.000000 0.101022 0.02
20.000000 0.104665 0.02
19.000000 0.104368 0.02
18.000000 0.103478 0.02
16.000000 0.102800 0.02
17.000000 0.103945 0.02
14.000000 0.105091 0.02
13.000000 0.104232 0.02
94.000000 0.077021 0.02
93.000000 0.077288 0.02
92.000000 0.077288 0.02
91.000000 0.077823 0.02
90.000000 0.077823 0.02
89.000000 0.076753 0.02
88.000000 0.078893 0.02
87.000000 0.078358 0.02
84.000000 0.079428 0.02
83.000000 0.080230 0.02
82.000000 0.081300 0.02
81.000000 0.081567 0.02
80.000000 0.082637 0.02
79.000000 0.081567 0.02
78.000000 0.082637 0.02
77.000000 0.083172 0.02
76.000000 0.084241 0.02
75.000000 0.084776 0.02
74.000000 0.085311 0.02
73.000000 0.085044 0.02
72.000000 0.085311 0.02
71.000000 0.085579 0.02
70.000000 0.084509 0.02
69.000000 0.085311 0.02
68.000000 0.085311 0.02
67.000000 0.086381 0.02
66.000000 0.085846 0.02
65.000000 0.086916 0.02
60.000000 0.088235 0.02
59.000000 0.088838 0.02
64.000000 0.087230 0.02
56.000000 0.089240 0.02
55.000000 0.090044 0.02
32.000000 0.101951 0.02
34.000000 0.100368 0.02
42.000000 0.096499 0.02
43.000000 0.095267 0.02
44.000000 0.095971 0.02
95.000000 0.075036 0.02
96.000000 0.074567 0.02
86.000000 0.078172 0.02
85.000000 0.079780 0.02
37.000000 0.098877 0.02
15.000000 0.105644 0.02
12.000000 0.105299 0.02
11.000000 0.105678 0.02
10.000000 0.104729 0.02
9.000000 0.104601 0.02
8.000000 0.104192 0.02
5.000000 0.104192 0.02
4.000000 0.103946 0.02
3.000000 0.104028 0.02
7.000000 0.104110 0.02
6.000000 0.104356 0.02
1.000000 0.104601 0.02
2.000000 0.103788 0.02
