0.051793 96.000000
0.052368 95.000000
0.052368 94.000000
0.053519 93.000000
0.053807 92.000000
0.054382 91.000000
0.054670 90.000000
0.054948 89.000000
0.056190 88.000000
0.056034 87.000000
0.056811 86.000000
0.056811 85.000000
0.057276 84.000000
0.057897 83.000000
0.057742 82.000000
0.058208 81.000000
0.058434 80.000000
0.058232 79.000000
0.058838 78.000000
0.060456 77.000000
0.060254 76.000000
0.061062 75.000000
0.062073 74.000000
0.062680 73.000000
0.063014 72.000000
0.061595 71.000000
0.062163 70.000000
0.061595 69.000000
0.060152 68.000000
0.062680 67.000000
0.062174 66.000000
0.063185 65.000000
0.064196 64.000000
0.064702 63.000000
0.063049 62.000000
0.063854 61.000000
0.064391 60.000000
0.065732 59.000000
0.065324 58.000000
0.065977 57.000000
0.066794 56.000000
0.068100 55.000000
0.067447 54.000000
0.068264 53.000000
0.069733 52.000000
0.069010 51.000000
0.069803 50.000000
0.069803 49.000000
0.070332 48.000000
0.071390 47.000000
0.071654 46.000000
0.072342 45.000000
0.072817 44.000000
0.074240 43.000000
0.074003 41.000000
0.074951 42.000000
0.073349 40.000000
0.074189 39.000000
0.073909 38.000000
0.076429 37.000000
0.076149 36.000000
0.076149 35.000000
0.078762 34.000000
0.076522 33.000000
0.077269 32.000000
0.076522 31.000000
0.079614 29.000000
0.079614 28.000000
0.078906 27.000000
0.078389 30.000000
0.080348 26.000000
0.081258 25.000000
0.081258 24.000000
0.081258 23.000000
0.081258 22.000000
0.082203 21.000000
0.082553 20.000000
0.081328 19.000000
0.083288 18.000000
0.083245 17.000000
0.082938 16.000000
0.086904 15.000000
0.087779 14.000000
0.087487 13.000000
0.086029 12.000000
0.086029 11.000000
0.085154 10.000000
0.085154 9.000000
0.086321 8.000000
0.086029 7.000000
0.086029 6.000000
0.085154 5.000000
0.087196 4.000000
0.085493 3.000000
0.084023 2.000000
0.085450 1.000000
