94.000000 0.003507 0.002
93.000000 0.007971 0.002
92.000000 0.010522 0.002
91.000000 0.013391 0.002
90.000000 0.016899 0.002
89.000000 0.019768 0.002
88.000000 0.023276 0.002
87.000000 0.024551 0.002
86.000000 0.030866 0.002
85.000000 0.033385 0.002
84.000000 0.036115 0.002
83.000000 0.039054 0.002
82.000000 0.039474 0.002
81.000000 0.039222 0.002
80.000000 0.040419 0.002
79.000000 0.040120 0.002
78.000000 0.041617 0.002
77.000000 0.041916 0.002
76.000000 0.043413 0.002
75.000000 0.044078 0.002
74.000000 0.045089 0.002
73.000000 0.045696 0.002
72.000000 0.046909 0.002
71.000000 0.046504 0.002
70.000000 0.046100 0.002
69.000000 0.046108 0.002
68.000000 0.046407 0.002
67.000000 0.046707 0.002
66.000000 0.047904 0.002
65.000000 0.048503 0.002
64.000000 0.048204 0.002
63.000000 0.048802 0.002
62.000000 0.049864 0.002
61.000000 0.050299 0.002
60.000000 0.050517 0.002
59.000000 0.051388 0.002
58.000000 0.052041 0.002
57.000000 0.050968 0.002
56.000000 0.051194 0.002
55.000000 0.051419 0.002
54.000000 0.052096 0.002
53.000000 0.052547 0.002
52.000000 0.054126 0.002
51.000000 0.055028 0.002
50.000000 0.055704 0.002
49.000000 0.056672 0.002
48.000000 0.056879 0.002
47.000000 0.056879 0.002
46.000000 0.057909 0.002
45.000000 0.057909 0.002
44.000000 0.059558 0.002
43.000000 0.058939 0.002
41.000000 0.059282 0.002
40.000000 0.060051 0.002
39.000000 0.060308 0.002
38.000000 0.059974 0.002
37.000000 0.060720 0.002
36.000000 0.061467 0.002
35.000000 0.061716 0.002
34.000000 0.061840 0.002
33.000000 0.062944 0.002
32.000000 0.063773 0.002
31.000000 0.064325 0.002
30.000000 0.064601 0.002
29.000000 0.065966 0.002
28.000000 0.066724 0.002
27.000000 0.066724 0.002
26.000000 0.067482 0.002
25.000000 0.066724 0.002
24.000000 0.067482 0.002
23.000000 0.067735 0.002
22.000000 0.067987 0.002
21.000000 0.068998 0.002
20.000000 0.069504 0.002
19.000000 0.069504 0.002
18.000000 0.068660 0.002
17.000000 0.068870 0.002
16.000000 0.069500 0.002
14.000000 0.071934 0.002
13.000000 0.070208 0.002
12.000000 0.070208 0.002
11.000000 0.071359 0.002
10.000000 0.071934 0.002
9.000000 0.070783 0.002
8.000000 0.071359 0.002
7.000000 0.071359 0.002
6.000000 0.071934 0.002
5.000000 0.071359 0.002
4.000000 0.073085 0.002
3.000000 0.073085 0.002
2.000000 0.073085 0.002
1.000000 0.073661 0.002
1.000000 0.073661 0.002
1.000000 0.073661 0.002
1.000000 0.073661 0.002
42.000000 0.059319 0.002
