0.003507 94.000000
0.007971 93.000000
0.010522 92.000000
0.013391 91.000000
0.016899 90.000000
0.019768 89.000000
0.023276 88.000000
0.024551 87.000000
0.030866 86.000000
0.033385 85.000000
0.036115 84.000000
0.039054 83.000000
0.039474 82.000000
0.039222 81.000000
0.040419 80.000000
0.040120 79.000000
0.041617 78.000000
0.041916 77.000000
0.043413 76.000000
0.044078 75.000000
0.045089 74.000000
0.045696 73.000000
0.046909 72.000000
0.046504 71.000000
0.046100 70.000000
0.046108 69.000000
0.046407 68.000000
0.046707 67.000000
0.047904 66.000000
0.048503 65.000000
0.048204 64.000000
0.048802 63.000000
0.049864 62.000000
0.050299 61.000000
0.050517 60.000000
0.051388 59.000000
0.052041 58.000000
0.050968 57.000000
0.051194 56.000000
0.051419 55.000000
0.052096 54.000000
0.052547 53.000000
0.054126 52.000000
0.055028 51.000000
0.055704 50.000000
0.056672 49.000000
0.056879 48.000000
0.056879 47.000000
0.057909 46.000000
0.057909 45.000000
0.059558 44.000000
0.058939 43.000000
0.059282 41.000000
0.060051 40.000000
0.060308 39.000000
0.059974 38.000000
0.060720 37.000000
0.061467 36.000000
0.061716 35.000000
0.061840 34.000000
0.062944 33.000000
0.063773 32.000000
0.064325 31.000000
0.064601 30.000000
0.065966 29.000000
0.066724 28.000000
0.066724 27.000000
0.067482 26.000000
0.066724 25.000000
0.067482 24.000000
0.067735 23.000000
0.067987 22.000000
0.068998 21.000000
0.069504 20.000000
0.069504 19.000000
0.068660 18.000000
0.068870 17.000000
0.069500 16.000000
0.071934 14.000000
0.070208 13.000000
0.070208 12.000000
0.071359 11.000000
0.071934 10.000000
0.070783 9.000000
0.071359 8.000000
0.071359 7.000000
0.071934 6.000000
0.071359 5.000000
0.073085 4.000000
0.073085 3.000000
0.073085 2.000000
0.073661 1.000000
0.073661 1.000000
0.073661 1.000000
0.073661 1.000000
0.059319 42.000000
